3277
3356
3237
3111
3253
3304
3286
3199
3303
3359
3376
3127
3287
3349
3004
3354
3256
3196
3350
3307
3300
3217
3343
3229
3144
3326
2989
3143
3382
3170
3353
3269
3231
3372
3295
3260
3240
3297
3247
3249
3014
3194
3222
3325
3191
3335
3233
2995
3258
3238
3328
3126
3133
3245
3308
3344
3346
3352
3357
3359
3360
3377
3351
3096
3195
3209
3387
3393
3394
3398
3399
3401
3405
3408
3410
3403
3413
3392
3400
3402
3404
3406
3411
3412
3415
3416
3417
3418
3419
3420
3421
3423
3422
3438
3431
3429
3428
3446
3447
3449
111
3428
