3277
3494
3504
3509
3511
3469
3410
3420
3253
3304
3490
3199
3359
3127
3287
3398
3422
3522
3417
3004
3354
3256
3196
3201
3462
3300
3515
3474
3217
3343
3464
3144
3491
3468
3226
2989
3438
3399
3143
3401
3408
3382
3387
3478
3473
3507
3170
3353
3481
3269
3517
3418
3482
3423
3489
3518
3500
3231
3372
3245
3463
3357
3472
3360
3510
3419
3308
3421
3346
3209
3377
3429
3234
3413
3126
3412
3502
3096
3476
3470
3260
3240
3247
3249
3014
3194
3480
3406
3222
3325
3394
3191
3335
3454
3477
2995
3447
3516
3416
3161
3258
3404
3523
3467
3484
3514
3486
3016
3328